clr2  <- c("#FF994E","#0099E5")
clr3  <- c("#FF994E","#0099E5","#E4FE02")
clr4  <- c("#FF994E","#0099E5","#E4FE02","#FF9AE6")
clr5  <- c("#FF994E","#0099E5","#E4FE02","#FF9AE6","#339933")
clr6  <- c("#FF994E","#0099E5","#E4FE02","#FF9AE6","#339933","#850184")
clr7  <- c("#FF994E","#0099E5","#E4FE02","#FF9AE6","#339933","#850184","#FF004C")
clr8  <- c("#FF994E","#0099E5","#E4FE02","#FF9AE6","#339933","#850184","#FF004C","#00FF02")
clr9  <- c("#FF994E","#0099E5","#E4FE02","#FF9AE6","#339933","#850184","#FF004C","#00FF02","#0001FE")
clr10 <- c("#FF994E","#0099E5","#E4FE02","#FF9AE6","#339933","#850184","#FF004C","#00FF02","#0001FE","#FF00FF")
clr11 <- c("#FF994E","#0099E5","#E4FE02","#FF9AE6","#339933","#850184","#FF004C","#00FF02","#0001FE","#FF00FF","#FFE698")
clr12 <- c("#FF994E","#0099E5","#E4FE02","#FF9AE6","#339933","#850184","#FF004C","#00FF02","#0001FE","#FF00FF","#FFE698","#B24D00")
clr13 <- c("#FF994E","#0099E5","#E4FE02","#FF9AE6","#339933","#850184","#FF004C","#00FF02","#0001FE","#FF00FF","#FFE698","#B24D00","#01FFFF")
clr14 <- c("#FF994E","#0099E5","#E4FE02","#FF9AE6","#339933","#850184","#FF004C","#00FF02","#0001FE","#FF00FF","#FFE698","#B24D00","#01FFFF","#807E05")
clr15 <- c("#FF994E","#0099E5","#E4FE02","#FF9AE6","#339933","#850184","#FF004C","#00FF02","#0001FE","#FF00FF","#FFE698","#B24D00","#01FFFF","#807E05","#FF9899")
clr16 <- c("#FF994E","#0099E5","#E4FE02","#FF9AE6","#339933","#850184","#FF004C","#00FF02","#0001FE","#FF00FF","#FFE698","#B24D00","#01FFFF","#807E05","#FF9899","#008183")
clr17 <- c("#FF994E","#0099E5","#E4FE02","#FF9AE6","#339933","#850184","#FF004C","#00FF02","#0001FE","#FF00FF","#FFE698","#B24D00","#01FFFF","#807E05","#FF9899","#008183","#98BF25")
clr18 <- c("#FF994E","#0099E5","#E4FE02","#FF9AE6","#339933","#850184","#FF004C","#00FF02","#0001FE","#FF00FF","#FFE698","#B24D00","#01FFFF","#807E05","#FF9899","#008183","#98BF25","#7326E6")
clr19 <- c("#FF994E","#0099E5","#E4FE02","#FF9AE6","#339933","#850184","#FF004C","#00FF02","#0001FE","#FF00FF","#FFE698","#B24D00","#01FFFF","#807E05","#FF9899","#008183","#98BF25","#7326E6","#28BF99")
clr20 <- c("#FF994E","#0099E5","#E4FE02","#FF9AE6","#339933","#850184","#FF004C","#00FF02","#0001FE","#FF00FF","#FFE698","#B24D00","#01FFFF","#807E05","#FF9899","#008183","#98BF25","#7326E6","#28BF99","#808080")
