## Set the colours
c1 <- "#FF994E"
c2 <- "#0099E5"
c3 <- "#E4FE02"
c4 <- "#FF9AE6"
c5 <- "#339933"
c6 <- "#850184"
c7 <- "#FF004C"
c8 <- "#00FF02"
c9 <- "#0001FE"
c10 <- "#FF00FF"
c11 <- "#FFE698"
c12 <- "#B24D00"
c13 <- "#01FFFF"
c14 <- "#807E05"
c15 <- "#FF9899"
c16 <- "#008183"
c17 <- "#98BF25"
c18 <- "#7326E6"
c19 <- "#28BF99"
c20 <- "#808080"

## Create colour lists per K
clr2  <- c(c1, c2)
clr3  <- c(c1, c2, c3)
clr4  <- c(c1, c2, c3, c4)
clr5  <- c(c1, c2, c3, c4, c5)
clr6  <- c(c1, c2, c3, c4, c5, c6)
clr7  <- c(c1, c2, c3, c4, c5, c6, c7)
clr8  <- c(c1, c2, c3, c4, c5, c6, c7, c8)
clr9  <- c(c1, c2, c3, c4, c5, c6, c7, c8, c9)
clr10 <- c(c1, c2, c3, c4, c5, c6, c7, c8, c9, c10)
clr11 <- c(c1, c2, c3, c4, c5, c6, c7, c8, c9, c10, c11)
clr12 <- c(c1, c2, c3, c4, c5, c6, c7, c8, c9, c10, c11, c12)
clr13 <- c(c1, c2, c3, c4, c5, c6, c7, c8, c9, c10, c11, c12, c13)
clr14 <- c(c1, c2, c3, c4, c5, c6, c7, c8, c9, c10, c11, c12, c13, c14)
clr15 <- c(c1, c2, c3, c4, c5, c6, c7, c8, c9, c10, c11, c12, c13, c14, c15)
clr16 <- c(c1, c2, c3, c4, c5, c6, c7, c8, c9, c10, c11, c12, c13, c14, c15, c16)
clr17 <- c(c1, c2, c3, c4, c5, c6, c7, c8, c9, c10, c11, c12, c13, c14, c15, c16, c17)
clr18 <- c(c1, c2, c3, c4, c5, c6, c7, c8, c9, c10, c11, c12, c13, c14, c15, c16, c17, c18)
clr19 <- c(c1, c2, c3, c4, c5, c6, c7, c8, c9, c10, c11, c12, c13, c14, c15, c16, c17, c18, c19)
clr20 <- c(c1, c2, c3, c4, c5, c6, c7, c8, c9, c10, c11, c12, c13, c14, c15, c16, c17, c18, c19, c20)
